 m_b:   4.1799999999999997     
 Gamma_b:   0.0000000000000000     
 m_t:   173.00000000000000     
 Gamma_t:   1.5500000000000000     
 m_Z:   91.189999999999998     
 Gamma_Z:   2.5000000000000000     
 m_W:   80.230000000000004     
 Gamma_W:   2.0800000000000001     
 m_h:   125.00000000000000     
 Gamma_h:   3.1278000000000000E-003
